48
    0 1495  381 2012 1157  990  764  178  147 1788  542  508  749  696  408  318 1213  714 1082  717  935  228  538 1670  816 1922 1096  840 1147  986  498 1250  553  678 2136  754 1046  326 1117  261  692 1525 1104  616 2162  488  753 1184
 1495    0 1135  637  583 2207 2056 1641 1590  736 1312 1494 1150  988 1552 1243 2360 2004 2291 1615 1279 1272 1163  906  983  585 2269 2097  381 2155 1898 1091 1661  840  988 1984 2272 1778  976 1443  872  504 2223 1957 1098 1727 1388  661
  381 1135    0 1633  778 1163  971  551  457 1412  375  481  474  349  475  301 1359  918 1255  686  699  207  262 1308  480 1541 1251 1029  774 1133  772  936  622  301 1760  922 1227  644  785  325  442 1144 1231  850 1790  640  591  810
 2012  637 1633    0  886 2550 2444 2175 2081  444 1697 1881 1480 1385 1969 1806 2662 2397 2624 1941 1519 1805 1576  735 1321  102 2589 2467  879 2485 2343 1190 2044 1336  451 2357 2613 2255 1161 1901 1467  532 2526 2373  594 2138 1695  900
 1157  583  778  886    0 1686 1565 1329 1210  636  814  999  609  500 1084 1006 1818 1516 1764 1078  703  970  691  588  443  788 1735 1592  283 1626 1458  528 1163  503  985 1481 1750 1377  396 1021  768  370 1680 1489 1025 1253  839   97
  990 2207 1163 2550 1686    0  235 1015  845 2191  895  717 1078 1219  689 1289  230  279   93  611 1047 1162 1049 1961 1244 2450  116  153 1826   83  525 1428  553 1401 2502  244   66  704 1403  848 1598 2019  174  387 2468  528  856 1654
  764 2056  971 2444 1565  235    0  781  618 2111  753  568  965 1077  507 1070  465   54  323  532  984  947  894 1901 1123 2344  349   85 1676  260  290 1375  402 1231 2435  105  285  469 1324  648 1396 1914  386  153 2415  334  769 1545
  178 1641  551 2175 1329 1015  781    0  228 1962  709  649  924  874  534  413 1244  737 1103  844 1103  372  715 1847  994 2086 1127  863 1303 1025  493 1426  659  841 2310  795 1064  312 1294  418  805 1695 1149  629 2338  565  911 1359
  147 1590  457 2081 1210  845  618  228    0 1831  507  425  737  725  307  459 1068  568  936  617  897  352  546 1691  831 1988  951  694 1230  842  355 1240  434  757 2177  610  900  194 1121  214  819 1579  961  470 2193  352  695 1226
 1788  736 1412  444  636 2191 2111 1962 1831    0 1389 1565 1154 1107 1668 1639 2282 2067 2258 1588 1145 1606 1294  292 1015  358 2218 2123  771 2121 2049  783 1718 1138  349 2017 2252 1987  790 1632 1366  297 2149 2058  401 1826 1344  606
  542 1312  375 1697  814  895  753  709  507 1389    0  186  242  326  280  646 1061  704  981  332  395  514  159 1215  378 1598  962  787  932  847  660  737  353  522 1727  675  961  620  632  295  795 1171  925  676 1727  441  225  802
  508 1494  481 1881  999  717  568  649  425 1565  186    0  411  510  129  698  893  519  804  220  502  559  332 1378  560 1782  790  604 1114  673  493  879  168  687 1899  491  782  487  793  250  921 1353  760  495 1892  262  282  984
  749 1150  474 1480  609 1078  965  924  737 1154  242  411    0  205  519  774 1215  919 1156  471  231  663  221  973  169 1380 1128  988  776 1018  899  504  567  468 1488  877 1142  861  390  524  807  949 1076  905 1486  673  239  581
  696  988  349 1385  500 1219 1077  874  725 1107  326  510  205    0  586  641 1376 1027 1303  632  424  555  192  974  133 1287 1282 1113  608 1167  959  591  678  265 1453 1000 1284  882  437  526  611  866 1238  993 1470  758  428  504
  408 1552  475 1969 1084  689  507  534  307 1668  280  129  519  586    0  642  887  455  780  312  629  504  397 1492  656 1871  776  558 1174  659  381 1001  157  724 2006  449  753  359  907  175  913 1445  761  408 2004  176  410 1077
  318 1243  301 1806 1006 1289 1070  413  459 1639  646  698  774  641  642    0 1505 1019 1382  917  997  140  558 1569  773 1722 1390 1142  927 1276  814 1231  799  503 1986 1048 1348  643 1075  467  393 1356 1389  926 2030  768  870 1056
 1213 2360 1359 2662 1818  230  465 1244 1068 2282 1061  893 1215 1376  887 1505    0  507  151  746 1144 1374 1218 2035 1383 2561  117  382 1982  230  754 1504  739 1579 2577  459  193  933 1503 1054 1799 2134  139  616 2532  739  980 1777
  714 2004  918 2397 1516  279   54  737  568 2067  704  519  919 1027  455 1019  507    0  369  495  945  895  843 1860 1076 2297  390  127 1625  292  251 1337  354 1178 2393   91  332  427 1281  595 1344 1867  418  112 2375  281  728 1498
 1082 2291 1255 2624 1764   93  323 1103  936 2258  981  804 1156 1303  780 1382  151  369    0  687 1114 1254 1135 2022 1323 2523   64  243 1911  139  611 1489  641 1490 2564  336   42  792 1471  940 1690 2093  154  475 2527  621  930 1730
  717 1615  686 1941 1078  611  532  844  617 1588  332  220  471  632  312  917  746  495  687    0  453  778  490 1371  639 1840  658  536 1237  548  574  844  207  852 1907  432  674  630  799  466 1120 1409  608  519 1884  339  246 1044
  935 1279  699 1519  703 1047  984 1103  897 1145  395  502  231  424  629  997 1144  945 1114  453    0  879  439  919  336 1418 1075  987  924  976  985  393  618  688 1457  884 1108  987  360  688 1034  992 1009  958 1432  745  225  646
  228 1272  207 1805  970 1162  947  372  352 1606  514  559  663  555  504  140 1374  895 1254  778  879    0  444 1512  685 1717 1260 1016  932 1145  704 1140  661  473 1954  919 1221  544  991  329  468 1332 1255  808 1989  636  739 1009
  538 1163  262 1576  691 1049  894  715  546 1294  159  332  221  192  397  558 1218  843 1135  490  439  444    0 1145  286 1479 1119  934  783 1002  768  713  499  363 1637  822 1114  694  580  340  650 1057 1083  804 1649  570  341  693
 1670  906 1308  735  588 1961 1901 1847 1691  292 1215 1378  973  974 1492 1569 2035 1860 2022 1371  919 1512 1145    0  860  646 1978 1905  813 1887 1870  534 1521 1070  543 1802 2019 1830  586 1483 1355  403 1905 1864  515 1638 1133  519
  816  983  480 1321  443 1244 1123  994  831 1015  378  560  169  133  656  773 1383 1076 1323  639  336  685  286  860    0 1222 1296 1150  611 1185 1036  458  723  368 1356 1038 1308  976  306  624  723  793 1245 1054 1364  819  406  424
 1922  585 1541  102  788 2450 2344 2086 1988  358 1598 1782 1380 1287 1871 1722 2561 2297 2523 1840 1418 1717 1479  646 1222    0 2488 2367  796 2384 2246 1091 1944 1246  435 2256 2513 2160 1059 1806 1391  431 2425 2274  569 2039 1595  800
 1096 2269 1251 2589 1735  116  349 1127  951 2218  962  790 1128 1282  776 1390  117  390   64  658 1075 1260 1119 1978 1296 2488    0  266 1889  118  639 1445  632 1477 2521  343   97  816 1433  941 1689 2059   91  500 2481  625  898 1698
  840 2097 1029 2467 1592  153   85  863  694 2123  787  604  988 1113  558 1142  382  127  243  536  987 1016  934 1905 1150 2367  266    0 1716  177  374 1376  436 1279 2443  113  207  552 1334  709 1459 1936  302  235 2418  390  780 1568
 1147  381  774  879  283 1826 1676 1303 1230  771  932 1114  776  608 1174  927 1982 1625 1911 1237  924  932  783  813  611  796 1889 1716    0 1775 1526  807 1281  474 1100 1604 1892 1414  663 1072  605  475 1844 1579 1172 1349 1015  379
  986 2155 1133 2485 1626   83  260 1025  842 2121  847  673 1018 1167  659 1276  230  292  139  548  976 1145 1002 1887 1185 2384  118  177 1775    0  543 1354  514 1360 2429  233  133  716 1334  825 1571 1954  127  404 2393  509  791 1592
  498 1898  772 2343 1458  525  290  493  355 2049  660  493  899  959  381  814  754  251  611  574  985  704  768 1870 1036 2246  639  374 1526  543    0 1370  373 1059 2386  324  572  183 1285  455 1168 1823  669  139 2384  242  761 1456
 1250 1091  936 1190  528 1428 1375 1426 1240  783  737  879  504  591 1001 1231 1504 1337 1489  844  393 1140  713  534  458 1091 1445 1376  807 1354 1370    0 1007  794 1076 1275 1486 1354  169 1026 1143  692 1372 1349 1043 1131  614  437
  553 1661  622 2044 1163  553  402  659  434 1718  353  168  567  678  157  799  739  354  641  207  618  661  499 1521  723 1944  632  436 1281  514  373 1007    0  849 2048  323  618  424  937  332 1062 1514  609  344 2035  134  394 1145
  678  840  301 1336  503 1401 1231  841  757 1138  522  687  468  265  724  503 1579 1178 1490  852  688  473  363 1070  368 1246 1477 1279  474 1360 1059  794  849    0 1486 1168 1466  941  627  604  356  860 1444 1122 1528  898  677  554
 2136  988 1760  451  985 2502 2435 2310 2177  349 1727 1899 1488 1453 2006 1986 2577 2393 2564 1907 1457 1954 1637  543 1356  435 2521 2443 1100 2429 2386 1076 2048 1486    0 2338 2561 2331 1112 1976 1701  633 2447 2390  146 2160 1666  953
  754 1984  922 2357 1481  244  105  795  610 2017  675  491  877 1000  449 1048  459   91  336  432  884  919  822 1802 1038 2256  343  113 1604  233  324 1275  323 1168 2338    0  305  488 1228  605 1356 1826  355  190 2316  286  673 1457
 1046 2272 1227 2613 1750   66  285 1064  900 2252  961  782 1142 1284  753 1348  193  332   42  674 1108 1221 1114 2019 1308 2513   97  207 1892  133  572 1486  618 1466 2561  305    0  753 1464  910 1661 2082  181  437 2526  590  919 1718
  326 1778  644 2255 1377  704  469  312  194 1987  620  487  861  882  359  643  933  427  792  630  987  544  694 1830  976 2160  816  552 1414  716  183 1354  424  941 2331  488  753    0 1250  357 1011 1745  841  317 2339  301  769 1385
 1117  976  785 1161  396 1403 1324 1294 1121  790  632  793  390  437  907 1075 1503 1281 1471  799  360  991  580  586  306 1059 1433 1334  663 1334 1285  169  937  627 1112 1228 1464 1250    0  909  974  637 1368 1280 1100 1053  555  317
  261 1443  325 1901 1021  848  648  418  214 1632  295  250  524  526  175  467 1054  595  940  466  688  329  340 1483  624 1806  941  709 1072  825  455 1026  332  604 1976  605  910  357  909    0  751 1389  931  525 1988  320  495 1029
  692  872  442 1467  768 1598 1396  805  819 1366  795  921  807  611  913  393 1799 1344 1690 1120 1034  468  650 1355  723 1391 1689 1459  605 1571 1168 1143 1062  356 1701 1356 1661 1011  974  751    0 1071 1671 1264 1766 1071  989  843
 1525  504 1144  532  370 2019 1914 1695 1579  297 1171 1353  949  866 1445 1356 2134 1867 2093 1409  992 1332 1057  403  793  431 2059 1936  475 1954 1823  692 1514  860  633 1826 2082 1745  637 1389 1071    0 1997 1846  698 1611 1164  370
 1104 2223 1231 2526 1680  174  386 1149  961 2149  925  760 1076 1238  761 1389  139  418  154  608 1009 1255 1083 1905 1245 2425   91  302 1844  127  669 1372  609 1444 2447  355  181  841 1368  931 1671 1997    0  530 2405  622  842 1640
  616 1957  850 2373 1489  387  153  629  470 2058  676  495  905  993  408  926  616  112  475  519  958  808  804 1864 1054 2274  500  235 1579  404  139 1349  344 1122 2390  190  437  317 1280  525 1264 1846  530    0 2379  236  735 1477
 2162 1098 1790  594 1025 2468 2415 2338 2193  401 1727 1892 1486 1470 2004 2030 2532 2375 2527 1884 1432 1989 1649  515 1364  569 2481 2418 1172 2393 2384 1043 2035 1528  146 2316 2526 2339 1100 1988 1766  698 2405 2379    0 2152 1647  981
  488 1727  640 2138 1253  528  334  565  352 1826  441  262  673  758  176  768  739  281  621  339  745  636  570 1638  819 2039  625  390 1349  509  242 1131  134  898 2160  286  590  301 1053  320 1071 1611  622  236 2152    0  520 1242
  753 1388  591 1695  839  856  769  911  695 1344  225  282  239  428  410  870  980  728  930  246  225  739  341 1133  406 1595  898  780 1015  791  761  614  394  677 1666  673  919  769  555  495  989 1164  842  735 1647  520    0  801
 1184  661  810  900   97 1654 1545 1359 1226  606  802  984  581  504 1077 1056 1777 1498 1730 1044  646 1009  693  519  424  800 1698 1568  379 1592 1456  437 1145  554  953 1457 1718 1385  317 1029  843  370 1640 1477  981 1242  801    0